METEOR-M2 4
1 59051U 24039A   26248.16204753  .00000001  00000+0  20236-4 0  9995
2 59051  98.7095 206.4842 0006129 304.9729  55.0873 14.22436604130631
METEOR-M2 3
1 57166U 23091A   26248.19729514 -.00000034  00000+0  41599-5 0  9990
2 57166  98.6011 301.5088 0002926 307.8350  52.2564 14.24051998165900
ISS (ZARYA)
1 25544U 98067A   26248.17592762  .00003558  00000-0  72743-4 0  9999
2 25544  51.6310 264.2007 0005041 108.5564 251.5973 15.48992921584153
FUNCUBE-1 (AO-73)
1 39444U 13066AE  26247.90903049  .00003511  00000-0  21472-3 0  9994
2 39444  97.8363 221.1119 0033645 293.7219  66.0482 15.10481180691699
UMKA-1 (RS40S)
1 57172U 23091G   26248.27786344  .00003009  00000-0  13632-3 0  9990
2 57172  97.4975 306.6775 0012140 192.5129 167.5807 15.21590168176181
SONATE-2
1 59112U 24043Q   26247.39762554  .00037334  00000-0  38219-3 0  9999
2 59112  97.5610  43.0681 0005063 265.5553  94.5128 15.64903119140255
SAUDISAT 1C (SO-50)
1 27607U 02058C   26247.45171561  .00000498  00000+0  76553-4 0  9998
2 27607  64.5503 243.7133 0072586 247.9077 111.4311 14.83193270276212
SO-50
1 27559U 02058C   26247.45171561  .00000498  00000+0  76553-4 0  9998
2 27559  64.5503 243.7133 0072586 247.9077 111.4311 14.83193270276212
ZHUHAI-1 01 (CAS-4A)
1 42761U 17034D   25281.34159269  .04203186  90411-5  12507-2 0  9993
2 42761  42.9927 303.5081 0008135  81.2710 278.9099 16.26032227461692
NOAA 15
1 25338U 98030A   26189.91976146  .00000093  00000+0  55676-4 0  9994
2 25338  98.5062 209.9648 0009030 285.6994  74.3190 14.27153060464395
NOAA 18
1 28654U 05018A   26189.92055851  .00000021  00000+0  34022-4 0  9997
2 28654  98.8110 269.2821 0015373  89.7538 270.5396 14.13733205 89382
NOAA 19
1 33591U 09005A   26247.26050863 -.00000003  00000+0  22278-4 0  9994
2 33591  98.9457 318.1680 0014124 162.6873 197.4784 14.13484468905655
